1.390699068412E9 26 2147483647 2147483647 -88 2147483647
1.390699076269E9 99 2147483647 2147483647 2147483647 -1
1.390699076274E9 -113
1.390699078458E9 -107
1.390699079464E9 -103
1.390699083469E9 -99
1.390699087466E9 -97
1.390699092402E9 -93
1.390699098489E9 -95
1.390699105495E9 -93
1.390699110322E9 -95
1.390699119501E9 -99
1.390699141219E9 18 2147483647 2147483647 -68 2147483647
1.390699145808E9 25 2147483647 2147483647 -104 2147483647
1.39069914681E9 19 2147483647 2147483647 -98 2147483647
1.390699148806E9 17 2147483647 2147483647 -76 2147483647
1.39069915081E9 18 2147483647 2147483647 -90 2147483647
1.390699151807E9 18 2147483647 2147483647 -72 2147483647
1.390699158817E9 19 2147483647 2147483647 -154 2147483647
1.390699160815E9 25 2147483647 2147483647 -142 2147483647
1.39069916181E9 21 2147483647 2147483647 -122 2147483647
1.390699162808E9 17 2147483647 2147483647 -60 2147483647
1.390699170807E9 17 2147483647 2147483647 -90 2147483647
1.390699171809E9 17 2147483647 2147483647 -60 2147483647
1.390699174812E9 17 2147483647 2147483647 -82 2147483647
1.390699175806E9 17 2147483647 2147483647 -60 2147483647
1.390699181806E9 17 2147483647 2147483647 -84 2147483647
1.390699182811E9 17 2147483647 2147483647 -66 2147483647
1.390699197805E9 23 2147483647 2147483647 -110 2147483647
1.390699199819E9 18 2147483647 2147483647 -78 2147483647
1.390699200815E9 18 2147483647 2147483647 -128 2147483647
1.390699201818E9 17 2147483647 2147483647 -118 2147483647
1.390699202811E9 19 2147483647 2147483647 -102 2147483647
1.390699205821E9 17 2147483647 2147483647 -46 2147483647
1.390699207805E9 23 2147483647 2147483647 -60 2147483647
1.390699209808E9 21 2147483647 2147483647 -48 2147483647
1.390699210809E9 23 2147483647 2147483647 -56 2147483647
1.390699211807E9 17 2147483647 2147483647 -44 2147483647
1.39069921281E9 25 2147483647 2147483647 -110 2147483647
1.390699214817E9 21 2147483647 2147483647 -78 2147483647
1.390699215805E9 22 2147483647 2147483647 -94 2147483647
1.390699217807E9 18 2147483647 2147483647 -80 2147483647
1.390699219815E9 18 2147483647 2147483647 -86 2147483647
1.390699221805E9 17 2147483647 2147483647 -72 2147483647
1.390699228804E9 17 2147483647 2147483647 -82 2147483647
1.39069922981E9 17 2147483647 2147483647 -70 2147483647
1.390699231805E9 20 2147483647 2147483647 -104 2147483647
1.390699232811E9 23 2147483647 2147483647 -100 2147483647
1.390699233806E9 19 2147483647 2147483647 -130 2147483647
1.390699234812E9 17 2147483647 2147483647 -54 2147483647
1.390699248814E9 16 2147483647 2147483647 -52 2147483647
1.390699251814E9 17 2147483647 2147483647 -52 2147483647
1.390699253807E9 20 2147483647 2147483647 -162 2147483647
1.390699254808E9 19 2147483647 2147483647 -88 2147483647
1.390699257805E9 17 2147483647 2147483647 -56 2147483647
1.390699259804E9 17 2147483647 2147483647 -98 2147483647
1.390699260804E9 17 2147483647 2147483647 -78 2147483647
1.390699274803E9 23 2147483647 2147483647 -110 2147483647
1.390699275804E9 18 2147483647 2147483647 -116 2147483647
1.390699278805E9 17 2147483647 2147483647 -78 2147483647
1.390699302803E9 17 2147483647 2147483647 -40 2147483647
1.390699303809E9 17 2147483647 2147483647 -44 2147483647
1.390699314807E9 26 2147483647 2147483647 -150 2147483647
1.390699315802E9 18 2147483647 2147483647 -120 2147483647
1.390699317801E9 17 2147483647 2147483647 -60 2147483647
1.39069932181E9 24 2147483647 2147483647 -130 2147483647
1.390699322802E9 27 2147483647 2147483647 -92 2147483647
1.39069932481E9 27 2147483647 2147483647 -146 2147483647
1.39069932581E9 17 2147483647 2147483647 -52 2147483647
1.3906993268E9 17 2147483647 2147483647 -34 2147483647
1.390699327808E9 17 2147483647 2147483647 -48 2147483647
1.390699330818E9 17 2147483647 2147483647 -88 2147483647
1.390699331811E9 17 2147483647 2147483647 -60 2147483647
1.3906993378E9 18 2147483647 2147483647 -104 2147483647
1.390699340813E9 19 2147483647 2147483647 -78 2147483647
1.390699345801E9 17 2147483647 2147483647 -82 2147483647
1.390699346808E9 17 2147483647 2147483647 -60 2147483647
1.390699347804E9 17 2147483647 2147483647 -94 2147483647
1.390699348803E9 17 2147483647 2147483647 -58 2147483647
1.390699352801E9 17 2147483647 2147483647 -38 2147483647
1.390699353809E9 17 2147483647 2147483647 -76 2147483647
1.390699358805E9 17 2147483647 2147483647 -38 2147483647
1.390699360804E9 18 2147483647 2147483647 -74 2147483647
1.390699361804E9 18 2147483647 2147483647 -86 2147483647
1.390699363805E9 17 2147483647 2147483647 -44 2147483647
1.390699387805E9 18 2147483647 2147483647 -38 2147483647
1.390699388802E9 18 2147483647 2147483647 -48 2147483647
1.390699406808E9 17 2147483647 2147483647 -68 2147483647
1.39069940781E9 17 2147483647 2147483647 -86 2147483647
1.390699408805E9 17 2147483647 2147483647 -70 2147483647
1.390699410805E9 18 2147483647 2147483647 -54 2147483647
1.390699423807E9 17 2147483647 2147483647 -88 2147483647
1.390699424806E9 17 2147483647 2147483647 -54 2147483647
1.390699427803E9 17 2147483647 2147483647 -34 2147483647
1.390699428809E9 17 2147483647 2147483647 -50 2147483647
1.390699429804E9 17 2147483647 2147483647 -46 2147483647
1.390699435809E9 17 2147483647 2147483647 -52 2147483647
1.390699437802E9 17 2147483647 2147483647 -52 2147483647
